<?xml version="1.0" encoding="UTF-8"?>
<svg xmlns="http://www.w3.org/2000/svg" width="302.36229995663px" Height="302.36229995663px" viewBox="0 0 302.36229995663 302.36229995663">
<g id="WolfiesPuzzleGenerator" transform="scale(3.779528749457873844999636220357925)"><title>Wolfie's Puzzle Generator</title>
<g id="Puzzle"><title>Puzzle</title>
<g id="RowGroup"><title>RowGroup</title>

<path id="Cut_Row_1"  fill="none" stroke="#311d91" stroke-width=".5px" d="

M 0 16
c 
1.430168,-0.2905028 3.873371,-0.4469274 4.931098,0 
0.6405959,0.2569833 1.370577,-4.469274E-02 1.057728,-0.4022346 
-0.5214153,-0.5810056 -1.027933,-0.849162 -1.027933,-1.843575 
0,-1.005587 1.296089,-1.586592 3.039106,-1.586592 
1.757914,0 3.039106,0.5810056 3.039106,1.586592 
0,0.9944134 -0.5065177,1.26257 -1.027933,1.843575 
-0.3128492,0.3575419 0.4171322,0.6592179 1.057728,0.4022346 
1.057728,-0.4469274 3.515829,-0.2905028 4.931098,0 

M 16 16
c 
1.430168,-0.2905028 3.873371,-0.4469274 4.931098,0 
0.6405959,0.2569833 1.370577,-4.469274E-02 1.057728,-0.4022346 
-0.5214153,-0.5810056 -1.027933,-0.849162 -1.027933,-1.843575 
0,-1.005587 1.296089,-1.586592 3.039106,-1.586592 
1.757914,0 3.039106,0.5810056 3.039106,1.586592 
0,0.9944134 -0.5065177,1.26257 -1.027933,1.843575 
-0.3128492,0.3575419 0.4171322,0.6592179 1.057728,0.4022346 
1.057728,-0.4469274 3.515829,-0.2905028 4.931098,0 

M 32 16
c 
1.430168,0.2905028 3.873371,0.4469274 4.931098,0 
0.6405959,-0.2569833 1.370577,4.469274E-02 1.057728,0.4022346 
-0.5214153,0.5810056 -1.027933,0.849162 -1.027933,1.843575 
0,1.005587 1.296089,1.586592 3.039106,1.586592 
1.757914,0 3.039106,-0.5810056 3.039106,-1.586592 
0,-0.9944134 -0.5065177,-1.26257 -1.027933,-1.843575 
-0.3128492,-0.3575419 0.4171322,-0.6592179 1.057728,-0.4022346 
1.057728,0.4469274 3.515829,0.2905028 4.931098,0 

M 48 16
c 
1.430168,0.2905028 3.873371,0.4469274 4.931098,0 
0.6405959,-0.2569833 1.370577,4.469274E-02 1.057728,0.4022346 
-0.5214153,0.5810056 -1.027933,0.849162 -1.027933,1.843575 
0,1.005587 1.296089,1.586592 3.039106,1.586592 
1.757914,0 3.039106,-0.5810056 3.039106,-1.586592 
0,-0.9944134 -0.5065177,-1.26257 -1.027933,-1.843575 
-0.3128492,-0.3575419 0.4171322,-0.6592179 1.057728,-0.4022346 
1.057728,0.4469274 3.515829,0.2905028 4.931098,0 

M 64 16
c 
1.430168,0.2905028 3.873371,0.4469274 4.931098,0 
0.6405959,-0.2569833 1.370577,4.469274E-02 1.057728,0.4022346 
-0.5214153,0.5810056 -1.027933,0.849162 -1.027933,1.843575 
0,1.005587 1.296089,1.586592 3.039106,1.586592 
1.757914,0 3.039106,-0.5810056 3.039106,-1.586592 
0,-0.9944134 -0.5065177,-1.26257 -1.027933,-1.843575 
-0.3128492,-0.3575419 0.4171322,-0.6592179 1.057728,-0.4022346 
1.057728,0.4469274 3.515829,0.2905028 4.931098,0 
"
/>

<path id="Cut_Row_2"  fill="none" stroke="#311d91" stroke-width=".5px" d="

M 0 32
c 
1.430168,-0.2905028 3.873371,-0.4469274 4.931098,0 
0.6405959,0.2569833 1.370577,-4.469274E-02 1.057728,-0.4022346 
-0.5214153,-0.5810056 -1.027933,-0.849162 -1.027933,-1.843575 
0,-1.005587 1.296089,-1.586592 3.039106,-1.586592 
1.757914,0 3.039106,0.5810056 3.039106,1.586592 
0,0.9944134 -0.5065177,1.26257 -1.027933,1.843575 
-0.3128492,0.3575419 0.4171322,0.6592179 1.057728,0.4022346 
1.057728,-0.4469274 3.515829,-0.2905028 4.931098,0 

M 16 32
c 
1.430168,0.2905028 3.873371,0.4469274 4.931098,0 
0.6405959,-0.2569833 1.370577,4.469274E-02 1.057728,0.4022346 
-0.5214153,0.5810056 -1.027933,0.849162 -1.027933,1.843575 
0,1.005587 1.296089,1.586592 3.039106,1.586592 
1.757914,0 3.039106,-0.5810056 3.039106,-1.586592 
0,-0.9944134 -0.5065177,-1.26257 -1.027933,-1.843575 
-0.3128492,-0.3575419 0.4171322,-0.6592179 1.057728,-0.4022346 
1.057728,0.4469274 3.515829,0.2905028 4.931098,0 

M 32 32
c 
1.430168,0.2905028 3.873371,0.4469274 4.931098,0 
0.6405959,-0.2569833 1.370577,4.469274E-02 1.057728,0.4022346 
-0.5214153,0.5810056 -1.027933,0.849162 -1.027933,1.843575 
0,1.005587 1.296089,1.586592 3.039106,1.586592 
1.757914,0 3.039106,-0.5810056 3.039106,-1.586592 
0,-0.9944134 -0.5065177,-1.26257 -1.027933,-1.843575 
-0.3128492,-0.3575419 0.4171322,-0.6592179 1.057728,-0.4022346 
1.057728,0.4469274 3.515829,0.2905028 4.931098,0 

M 48 32
c 
1.430168,0.2905028 3.873371,0.4469274 4.931098,0 
0.6405959,-0.2569833 1.370577,4.469274E-02 1.057728,0.4022346 
-0.5214153,0.5810056 -1.027933,0.849162 -1.027933,1.843575 
0,1.005587 1.296089,1.586592 3.039106,1.586592 
1.757914,0 3.039106,-0.5810056 3.039106,-1.586592 
0,-0.9944134 -0.5065177,-1.26257 -1.027933,-1.843575 
-0.3128492,-0.3575419 0.4171322,-0.6592179 1.057728,-0.4022346 
1.057728,0.4469274 3.515829,0.2905028 4.931098,0 

M 64 32
c 
1.430168,0.2905028 3.873371,0.4469274 4.931098,0 
0.6405959,-0.2569833 1.370577,4.469274E-02 1.057728,0.4022346 
-0.5214153,0.5810056 -1.027933,0.849162 -1.027933,1.843575 
0,1.005587 1.296089,1.586592 3.039106,1.586592 
1.757914,0 3.039106,-0.5810056 3.039106,-1.586592 
0,-0.9944134 -0.5065177,-1.26257 -1.027933,-1.843575 
-0.3128492,-0.3575419 0.4171322,-0.6592179 1.057728,-0.4022346 
1.057728,0.4469274 3.515829,0.2905028 4.931098,0 
"
/>

<path id="Cut_Row_3"  fill="none" stroke="#311d91" stroke-width=".5px" d="

M 0 48
c 
1.430168,-0.2905028 3.873371,-0.4469274 4.931098,0 
0.6405959,0.2569833 1.370577,-4.469274E-02 1.057728,-0.4022346 
-0.5214153,-0.5810056 -1.027933,-0.849162 -1.027933,-1.843575 
0,-1.005587 1.296089,-1.586592 3.039106,-1.586592 
1.757914,0 3.039106,0.5810056 3.039106,1.586592 
0,0.9944134 -0.5065177,1.26257 -1.027933,1.843575 
-0.3128492,0.3575419 0.4171322,0.6592179 1.057728,0.4022346 
1.057728,-0.4469274 3.515829,-0.2905028 4.931098,0 

M 16 48
c 
1.430168,-0.2905028 3.873371,-0.4469274 4.931098,0 
0.6405959,0.2569833 1.370577,-4.469274E-02 1.057728,-0.4022346 
-0.5214153,-0.5810056 -1.027933,-0.849162 -1.027933,-1.843575 
0,-1.005587 1.296089,-1.586592 3.039106,-1.586592 
1.757914,0 3.039106,0.5810056 3.039106,1.586592 
0,0.9944134 -0.5065177,1.26257 -1.027933,1.843575 
-0.3128492,0.3575419 0.4171322,0.6592179 1.057728,0.4022346 
1.057728,-0.4469274 3.515829,-0.2905028 4.931098,0 

M 32 48
c 
1.430168,0.2905028 3.873371,0.4469274 4.931098,0 
0.6405959,-0.2569833 1.370577,4.469274E-02 1.057728,0.4022346 
-0.5214153,0.5810056 -1.027933,0.849162 -1.027933,1.843575 
0,1.005587 1.296089,1.586592 3.039106,1.586592 
1.757914,0 3.039106,-0.5810056 3.039106,-1.586592 
0,-0.9944134 -0.5065177,-1.26257 -1.027933,-1.843575 
-0.3128492,-0.3575419 0.4171322,-0.6592179 1.057728,-0.4022346 
1.057728,0.4469274 3.515829,0.2905028 4.931098,0 

M 48 48
c 
1.430168,-0.2905028 3.873371,-0.4469274 4.931098,0 
0.6405959,0.2569833 1.370577,-4.469274E-02 1.057728,-0.4022346 
-0.5214153,-0.5810056 -1.027933,-0.849162 -1.027933,-1.843575 
0,-1.005587 1.296089,-1.586592 3.039106,-1.586592 
1.757914,0 3.039106,0.5810056 3.039106,1.586592 
0,0.9944134 -0.5065177,1.26257 -1.027933,1.843575 
-0.3128492,0.3575419 0.4171322,0.6592179 1.057728,0.4022346 
1.057728,-0.4469274 3.515829,-0.2905028 4.931098,0 

M 64 48
c 
1.430168,0.2905028 3.873371,0.4469274 4.931098,0 
0.6405959,-0.2569833 1.370577,4.469274E-02 1.057728,0.4022346 
-0.5214153,0.5810056 -1.027933,0.849162 -1.027933,1.843575 
0,1.005587 1.296089,1.586592 3.039106,1.586592 
1.757914,0 3.039106,-0.5810056 3.039106,-1.586592 
0,-0.9944134 -0.5065177,-1.26257 -1.027933,-1.843575 
-0.3128492,-0.3575419 0.4171322,-0.6592179 1.057728,-0.4022346 
1.057728,0.4469274 3.515829,0.2905028 4.931098,0 
"
/>

<path id="Cut_Row_4"  fill="none" stroke="#311d91" stroke-width=".5px" d="

M 0 64
c 
1.430168,0.2905028 3.873371,0.4469274 4.931098,0 
0.6405959,-0.2569833 1.370577,4.469274E-02 1.057728,0.4022346 
-0.5214153,0.5810056 -1.027933,0.849162 -1.027933,1.843575 
0,1.005587 1.296089,1.586592 3.039106,1.586592 
1.757914,0 3.039106,-0.5810056 3.039106,-1.586592 
0,-0.9944134 -0.5065177,-1.26257 -1.027933,-1.843575 
-0.3128492,-0.3575419 0.4171322,-0.6592179 1.057728,-0.4022346 
1.057728,0.4469274 3.515829,0.2905028 4.931098,0 

M 16 64
c 
1.430168,-0.2905028 3.873371,-0.4469274 4.931098,0 
0.6405959,0.2569833 1.370577,-4.469274E-02 1.057728,-0.4022346 
-0.5214153,-0.5810056 -1.027933,-0.849162 -1.027933,-1.843575 
0,-1.005587 1.296089,-1.586592 3.039106,-1.586592 
1.757914,0 3.039106,0.5810056 3.039106,1.586592 
0,0.9944134 -0.5065177,1.26257 -1.027933,1.843575 
-0.3128492,0.3575419 0.4171322,0.6592179 1.057728,0.4022346 
1.057728,-0.4469274 3.515829,-0.2905028 4.931098,0 

M 32 64
c 
1.430168,-0.2905028 3.873371,-0.4469274 4.931098,0 
0.6405959,0.2569833 1.370577,-4.469274E-02 1.057728,-0.4022346 
-0.5214153,-0.5810056 -1.027933,-0.849162 -1.027933,-1.843575 
0,-1.005587 1.296089,-1.586592 3.039106,-1.586592 
1.757914,0 3.039106,0.5810056 3.039106,1.586592 
0,0.9944134 -0.5065177,1.26257 -1.027933,1.843575 
-0.3128492,0.3575419 0.4171322,0.6592179 1.057728,0.4022346 
1.057728,-0.4469274 3.515829,-0.2905028 4.931098,0 

M 48 64
c 
1.430168,-0.2905028 3.873371,-0.4469274 4.931098,0 
0.6405959,0.2569833 1.370577,-4.469274E-02 1.057728,-0.4022346 
-0.5214153,-0.5810056 -1.027933,-0.849162 -1.027933,-1.843575 
0,-1.005587 1.296089,-1.586592 3.039106,-1.586592 
1.757914,0 3.039106,0.5810056 3.039106,1.586592 
0,0.9944134 -0.5065177,1.26257 -1.027933,1.843575 
-0.3128492,0.3575419 0.4171322,0.6592179 1.057728,0.4022346 
1.057728,-0.4469274 3.515829,-0.2905028 4.931098,0 

M 64 64
c 
1.430168,-0.2905028 3.873371,-0.4469274 4.931098,0 
0.6405959,0.2569833 1.370577,-4.469274E-02 1.057728,-0.4022346 
-0.5214153,-0.5810056 -1.027933,-0.849162 -1.027933,-1.843575 
0,-1.005587 1.296089,-1.586592 3.039106,-1.586592 
1.757914,0 3.039106,0.5810056 3.039106,1.586592 
0,0.9944134 -0.5065177,1.26257 -1.027933,1.843575 
-0.3128492,0.3575419 0.4171322,0.6592179 1.057728,0.4022346 
1.057728,-0.4469274 3.515829,-0.2905028 4.931098,0 
"
/>
</g>
<g id="ColumnGroup"><title>ColumnGroup</title>

<path id="Cut_Col_1"  fill="none" stroke="#311d91" stroke-width=".5px" d="

M 16 0
c 
-0.2905028,1.430168 -0.4469274,3.873371 0,4.931098 
0.2569833,0.6405959 -4.469274E-02,1.370577 -0.4022346,1.057728 
-0.5810056,-0.5214153 -0.849162,-1.027933 -1.843575,-1.027933 
-1.005587,0 -1.586592,1.296089 -1.586592,3.039106 
0,1.757914 0.5810056,3.039106 1.586592,3.039106 
0.9944134,0 1.26257,-0.5065177 1.843575,-1.027933 
0.3575419,-0.3128492 0.6592179,0.4171322 0.4022346,1.057728 
-0.4469274,1.057728 -0.2905028,3.515829 0,4.931098 

M 16 16
c 
0.2905028,1.430168 0.4469274,3.873371 0,4.931098 
-0.2569833,0.6405959 4.469274E-02,1.370577 0.4022346,1.057728 
0.5810056,-0.5214153 0.849162,-1.027933 1.843575,-1.027933 
1.005587,0 1.586592,1.296089 1.586592,3.039106 
0,1.757914 -0.5810056,3.039106 -1.586592,3.039106 
-0.9944134,0 -1.26257,-0.5065177 -1.843575,-1.027933 
-0.3575419,-0.3128492 -0.6592179,0.4171322 -0.4022346,1.057728 
0.4469274,1.057728 0.2905028,3.515829 0,4.931098 

M 16 32
c 
0.2905028,1.430168 0.4469274,3.873371 0,4.931098 
-0.2569833,0.6405959 4.469274E-02,1.370577 0.4022346,1.057728 
0.5810056,-0.5214153 0.849162,-1.027933 1.843575,-1.027933 
1.005587,0 1.586592,1.296089 1.586592,3.039106 
0,1.757914 -0.5810056,3.039106 -1.586592,3.039106 
-0.9944134,0 -1.26257,-0.5065177 -1.843575,-1.027933 
-0.3575419,-0.3128492 -0.6592179,0.4171322 -0.4022346,1.057728 
0.4469274,1.057728 0.2905028,3.515829 0,4.931098 

M 16 48
c 
-0.2905028,1.430168 -0.4469274,3.873371 0,4.931098 
0.2569833,0.6405959 -4.469274E-02,1.370577 -0.4022346,1.057728 
-0.5810056,-0.5214153 -0.849162,-1.027933 -1.843575,-1.027933 
-1.005587,0 -1.586592,1.296089 -1.586592,3.039106 
0,1.757914 0.5810056,3.039106 1.586592,3.039106 
0.9944134,0 1.26257,-0.5065177 1.843575,-1.027933 
0.3575419,-0.3128492 0.6592179,0.4171322 0.4022346,1.057728 
-0.4469274,1.057728 -0.2905028,3.515829 0,4.931098 

M 16 64
c 
-0.2905028,1.430168 -0.4469274,3.873371 0,4.931098 
0.2569833,0.6405959 -4.469274E-02,1.370577 -0.4022346,1.057728 
-0.5810056,-0.5214153 -0.849162,-1.027933 -1.843575,-1.027933 
-1.005587,0 -1.586592,1.296089 -1.586592,3.039106 
0,1.757914 0.5810056,3.039106 1.586592,3.039106 
0.9944134,0 1.26257,-0.5065177 1.843575,-1.027933 
0.3575419,-0.3128492 0.6592179,0.4171322 0.4022346,1.057728 
-0.4469274,1.057728 -0.2905028,3.515829 0,4.931098 
"
/>

<path id="Cut_Col_2"  fill="none" stroke="#311d91" stroke-width=".5px" d="

M 32 0
c 
0.2905028,1.430168 0.4469274,3.873371 0,4.931098 
-0.2569833,0.6405959 4.469274E-02,1.370577 0.4022346,1.057728 
0.5810056,-0.5214153 0.849162,-1.027933 1.843575,-1.027933 
1.005587,0 1.586592,1.296089 1.586592,3.039106 
0,1.757914 -0.5810056,3.039106 -1.586592,3.039106 
-0.9944134,0 -1.26257,-0.5065177 -1.843575,-1.027933 
-0.3575419,-0.3128492 -0.6592179,0.4171322 -0.4022346,1.057728 
0.4469274,1.057728 0.2905028,3.515829 0,4.931098 

M 32 16
c 
-0.2905028,1.430168 -0.4469274,3.873371 0,4.931098 
0.2569833,0.6405959 -4.469274E-02,1.370577 -0.4022346,1.057728 
-0.5810056,-0.5214153 -0.849162,-1.027933 -1.843575,-1.027933 
-1.005587,0 -1.586592,1.296089 -1.586592,3.039106 
0,1.757914 0.5810056,3.039106 1.586592,3.039106 
0.9944134,0 1.26257,-0.5065177 1.843575,-1.027933 
0.3575419,-0.3128492 0.6592179,0.4171322 0.4022346,1.057728 
-0.4469274,1.057728 -0.2905028,3.515829 0,4.931098 

M 32 32
c 
0.2905028,1.430168 0.4469274,3.873371 0,4.931098 
-0.2569833,0.6405959 4.469274E-02,1.370577 0.4022346,1.057728 
0.5810056,-0.5214153 0.849162,-1.027933 1.843575,-1.027933 
1.005587,0 1.586592,1.296089 1.586592,3.039106 
0,1.757914 -0.5810056,3.039106 -1.586592,3.039106 
-0.9944134,0 -1.26257,-0.5065177 -1.843575,-1.027933 
-0.3575419,-0.3128492 -0.6592179,0.4171322 -0.4022346,1.057728 
0.4469274,1.057728 0.2905028,3.515829 0,4.931098 

M 32 48
c 
0.2905028,1.430168 0.4469274,3.873371 0,4.931098 
-0.2569833,0.6405959 4.469274E-02,1.370577 0.4022346,1.057728 
0.5810056,-0.5214153 0.849162,-1.027933 1.843575,-1.027933 
1.005587,0 1.586592,1.296089 1.586592,3.039106 
0,1.757914 -0.5810056,3.039106 -1.586592,3.039106 
-0.9944134,0 -1.26257,-0.5065177 -1.843575,-1.027933 
-0.3575419,-0.3128492 -0.6592179,0.4171322 -0.4022346,1.057728 
0.4469274,1.057728 0.2905028,3.515829 0,4.931098 

M 32 64
c 
0.2905028,1.430168 0.4469274,3.873371 0,4.931098 
-0.2569833,0.6405959 4.469274E-02,1.370577 0.4022346,1.057728 
0.5810056,-0.5214153 0.849162,-1.027933 1.843575,-1.027933 
1.005587,0 1.586592,1.296089 1.586592,3.039106 
0,1.757914 -0.5810056,3.039106 -1.586592,3.039106 
-0.9944134,0 -1.26257,-0.5065177 -1.843575,-1.027933 
-0.3575419,-0.3128492 -0.6592179,0.4171322 -0.4022346,1.057728 
0.4469274,1.057728 0.2905028,3.515829 0,4.931098 
"
/>

<path id="Cut_Col_3"  fill="none" stroke="#311d91" stroke-width=".5px" d="

M 48 0
c 
0.2905028,1.430168 0.4469274,3.873371 0,4.931098 
-0.2569833,0.6405959 4.469274E-02,1.370577 0.4022346,1.057728 
0.5810056,-0.5214153 0.849162,-1.027933 1.843575,-1.027933 
1.005587,0 1.586592,1.296089 1.586592,3.039106 
0,1.757914 -0.5810056,3.039106 -1.586592,3.039106 
-0.9944134,0 -1.26257,-0.5065177 -1.843575,-1.027933 
-0.3575419,-0.3128492 -0.6592179,0.4171322 -0.4022346,1.057728 
0.4469274,1.057728 0.2905028,3.515829 0,4.931098 

M 48 16
c 
-0.2905028,1.430168 -0.4469274,3.873371 0,4.931098 
0.2569833,0.6405959 -4.469274E-02,1.370577 -0.4022346,1.057728 
-0.5810056,-0.5214153 -0.849162,-1.027933 -1.843575,-1.027933 
-1.005587,0 -1.586592,1.296089 -1.586592,3.039106 
0,1.757914 0.5810056,3.039106 1.586592,3.039106 
0.9944134,0 1.26257,-0.5065177 1.843575,-1.027933 
0.3575419,-0.3128492 0.6592179,0.4171322 0.4022346,1.057728 
-0.4469274,1.057728 -0.2905028,3.515829 0,4.931098 

M 48 32
c 
-0.2905028,1.430168 -0.4469274,3.873371 0,4.931098 
0.2569833,0.6405959 -4.469274E-02,1.370577 -0.4022346,1.057728 
-0.5810056,-0.5214153 -0.849162,-1.027933 -1.843575,-1.027933 
-1.005587,0 -1.586592,1.296089 -1.586592,3.039106 
0,1.757914 0.5810056,3.039106 1.586592,3.039106 
0.9944134,0 1.26257,-0.5065177 1.843575,-1.027933 
0.3575419,-0.3128492 0.6592179,0.4171322 0.4022346,1.057728 
-0.4469274,1.057728 -0.2905028,3.515829 0,4.931098 

M 48 48
c 
0.2905028,1.430168 0.4469274,3.873371 0,4.931098 
-0.2569833,0.6405959 4.469274E-02,1.370577 0.4022346,1.057728 
0.5810056,-0.5214153 0.849162,-1.027933 1.843575,-1.027933 
1.005587,0 1.586592,1.296089 1.586592,3.039106 
0,1.757914 -0.5810056,3.039106 -1.586592,3.039106 
-0.9944134,0 -1.26257,-0.5065177 -1.843575,-1.027933 
-0.3575419,-0.3128492 -0.6592179,0.4171322 -0.4022346,1.057728 
0.4469274,1.057728 0.2905028,3.515829 0,4.931098 

M 48 64
c 
0.2905028,1.430168 0.4469274,3.873371 0,4.931098 
-0.2569833,0.6405959 4.469274E-02,1.370577 0.4022346,1.057728 
0.5810056,-0.5214153 0.849162,-1.027933 1.843575,-1.027933 
1.005587,0 1.586592,1.296089 1.586592,3.039106 
0,1.757914 -0.5810056,3.039106 -1.586592,3.039106 
-0.9944134,0 -1.26257,-0.5065177 -1.843575,-1.027933 
-0.3575419,-0.3128492 -0.6592179,0.4171322 -0.4022346,1.057728 
0.4469274,1.057728 0.2905028,3.515829 0,4.931098 
"
/>

<path id="Cut_Col_4"  fill="none" stroke="#311d91" stroke-width=".5px" d="

M 64 0
c 
-0.2905028,1.430168 -0.4469274,3.873371 0,4.931098 
0.2569833,0.6405959 -4.469274E-02,1.370577 -0.4022346,1.057728 
-0.5810056,-0.5214153 -0.849162,-1.027933 -1.843575,-1.027933 
-1.005587,0 -1.586592,1.296089 -1.586592,3.039106 
0,1.757914 0.5810056,3.039106 1.586592,3.039106 
0.9944134,0 1.26257,-0.5065177 1.843575,-1.027933 
0.3575419,-0.3128492 0.6592179,0.4171322 0.4022346,1.057728 
-0.4469274,1.057728 -0.2905028,3.515829 0,4.931098 

M 64 16
c 
-0.2905028,1.430168 -0.4469274,3.873371 0,4.931098 
0.2569833,0.6405959 -4.469274E-02,1.370577 -0.4022346,1.057728 
-0.5810056,-0.5214153 -0.849162,-1.027933 -1.843575,-1.027933 
-1.005587,0 -1.586592,1.296089 -1.586592,3.039106 
0,1.757914 0.5810056,3.039106 1.586592,3.039106 
0.9944134,0 1.26257,-0.5065177 1.843575,-1.027933 
0.3575419,-0.3128492 0.6592179,0.4171322 0.4022346,1.057728 
-0.4469274,1.057728 -0.2905028,3.515829 0,4.931098 

M 64 32
c 
-0.2905028,1.430168 -0.4469274,3.873371 0,4.931098 
0.2569833,0.6405959 -4.469274E-02,1.370577 -0.4022346,1.057728 
-0.5810056,-0.5214153 -0.849162,-1.027933 -1.843575,-1.027933 
-1.005587,0 -1.586592,1.296089 -1.586592,3.039106 
0,1.757914 0.5810056,3.039106 1.586592,3.039106 
0.9944134,0 1.26257,-0.5065177 1.843575,-1.027933 
0.3575419,-0.3128492 0.6592179,0.4171322 0.4022346,1.057728 
-0.4469274,1.057728 -0.2905028,3.515829 0,4.931098 

M 64 48
c 
-0.2905028,1.430168 -0.4469274,3.873371 0,4.931098 
0.2569833,0.6405959 -4.469274E-02,1.370577 -0.4022346,1.057728 
-0.5810056,-0.5214153 -0.849162,-1.027933 -1.843575,-1.027933 
-1.005587,0 -1.586592,1.296089 -1.586592,3.039106 
0,1.757914 0.5810056,3.039106 1.586592,3.039106 
0.9944134,0 1.26257,-0.5065177 1.843575,-1.027933 
0.3575419,-0.3128492 0.6592179,0.4171322 0.4022346,1.057728 
-0.4469274,1.057728 -0.2905028,3.515829 0,4.931098 

M 64 64
c 
-0.2905028,1.430168 -0.4469274,3.873371 0,4.931098 
0.2569833,0.6405959 -4.469274E-02,1.370577 -0.4022346,1.057728 
-0.5810056,-0.5214153 -0.849162,-1.027933 -1.843575,-1.027933 
-1.005587,0 -1.586592,1.296089 -1.586592,3.039106 
0,1.757914 0.5810056,3.039106 1.586592,3.039106 
0.9944134,0 1.26257,-0.5065177 1.843575,-1.027933 
0.3575419,-0.3128492 0.6592179,0.4171322 0.4022346,1.057728 
-0.4469274,1.057728 -0.2905028,3.515829 0,4.931098 
"
/>
</g>
<g id="Border"><title>Border</title><rect id="BorderBox" fill="none" stroke="#311d91" stroke-width=".5px" x="0" y="0" width="80" height="80"/></g>
</g>
</g>

</svg>
